!Items used for Abominable Stitching (Necrolord Covenant), Ascended Crafting (Kyrian Covenant), Ember Court (Venthyr) or the Queen's Conservatory.\n |cffff0000This is a combined category. Use this OR the individual categories.|r
#Items used for Abominable Stitching (Necrolord Covenant), Ascended Crafting (Kyrian Covenant), Ember Court (Venthyr) or the Queen's Conservatory. This is an combined category.
$37B2FF
176058
176081
176090
176091
176092
176093
176094
176097
176112
176113
176114
176115
176116
176117
176118
176119
176120
176121
176122
176123
176124
176125
176126
176127
176128
176129
176130
176131
176132
176133
176134
176135
176136
176137
176138
176139
176140
176141
176832
176850
176921
176922
177230
177231
177232
177233
177234
177235
177236
177237
177238
177239
177241
177242
177243
177244
177245
177698
177699
177700
177953
178061
178594
178686
178687
178688
178689
178690
178874
178877
178878
178879
178880
178881
178882
178883
178884
178995
179008
179009
179378
179958
180248
180477
180478
180594
180595
181371
181436
181437
181438
181439
181440
181441
181442
181443
181444
181445
181446
181447
181448
181449
181451
181517
181518
181519
181520
181521
181522
181523
181524
181530
181532
181533
181535
181536
181537
181538
181715
181797
181798
181799
182296
182342
182343
183475
183519
183520
183521
183522
183704
183743
183744
183752
183754
183755
183756
183759
183760
183786
183789
183805
183806
183824
183825
183826
183827
183828
183829
183830
183831
183833
183873
183876
183956
183957
184036
184037
184038
184039
184040
184041
184203
184204
184205
184224
184225
184304
184626
184628
184663
184779