!All Shadowlands Rings
#All Shadowlands Rings
$0070FF
173131
173132
173133
173134
173135
173136
173137
173138
173344
175244
175703
175704
175706
175707
175710
175711
175712
175713
175714
175715
175716
175717
175879
175916
177145
177153
177164
177167
177290
177291
177297
177298
177303
177304
177309
177310
177316
177317
177323
177324
177329
177330
177336
177337
177342
177343
177350
177351
177357
177358
177364
177365
177373
177374
177380
177381
177385
177386
177391
177392
177399
177400
177408
177409
177413
177414
177422
177423
177577
177578
177585
177586
177597
177598
177600
177601
177811
177812
178077
178171
178293
178329
178381
178442
178736
178781
178824
178848
178869
178870
178871
178872
178933
179355
180349
180855
181217
181218
181626
181702
181708
181721
183035
183036
183037
183038
183631
183659
183673
183676
183685
184105
184106
184142
184143
184165
184174
184744
184756
184783
184784
