!All Shadowland Trinkets
#All Shadowlands Trinkets
$0070FF
171323
173069
173078
173087
173096
173349
175718
175719
175722
175723
175725
175726
175727
175728
175729
175730
175731
175732
175733
175884
175921
175941
175942
175943
177147
177148
177149
177150
177151
177152
177154
177155
177156
177157
177158
177166
177292
177293
177296
177299
177302
177305
177308
177311
177315
177318
177322
177325
177328
177331
177335
177338
177344
177346
177348
177352
177355
177359
177363
177366
177375
177376
177379
177382
177384
177387
177390
177393
177398
177401
177407
177410
177412
177415
177421
177424
177575
177576
177584
177587
177596
177599
177602
177603
177657
177813
178168
178298
178334
178386
178447
178708
178715
178742
178751
178769
178770
178771
178772
178783
178808
178809
178810
178811
178825
178826
178849
178850
178861
178862
179331
179342
179350
179356
179927
180116
180117
180118
180119
180827
181333
181334
181335
181357
181358
181359
181360
181457
181458
181459
181501
181502
181503
181507
181816
182451
182452
182453
182454
182455
182682
183150
183160
183650
183849
183850
183851
184016
184017
184018
184019
184020
184021
184022
184023
184024
184025
184026
184027
184028
184029
184030
184031
184052
184053
184054
184055
184056
184057
184058
184059
184060
184268
184269
184279
184807
184839
184840
184841
184842
184873
185161
185197
185238
185242
185278
185282
185304
185305
185306
185309
185310
185311
185818
185836
185844
185845
185846
185902
186155
186156
186421
186422
186423
186424
186425
186427
186428
186429
186430
186431
186432
186433
186434
186435
186436
186437
186438
186866
186867
186868
186869
186870
186871
186906
186942
186946
186966
186967
186968
186976
186980
187447
188252
188253
188254
188255
188261
188262
188263
188264
188265
188266
188267
188268
188269
188270
188271
188272
188273
188282
188309
188352
188359
188396
188415
188478
188490
188514
188524
188691
188766
188775
188778
190374
190389
190390
190582
190597
190602
190641
190652
190726
190958
