!Items used for the Ember Court (Venthyr)
#Items used for the Ember Court (Venthyr)
$37B2FF
176058
176081
176090
176091
176092
176093
176094
176097
176112
176113
176114
176115
176116
176117
176118
176119
176120
176121
176122
176123
176124
176125
176126
176127
176128
176129
176130
176131
176132
176133
176134
176135
176136
176137
176138
176139
176140
176141
177230
177231
177232
177233
177234
177235
177236
177237
177238
177239
177241
177242
177243
177244
177245
178686
178687
178688
178689
178690
179958
180248
181436
181437
181438
181439
181440
181441
181442
181443
181444
181445
181446
181447
181448
181449
181451
181517
181518
181519
181520
181521
181522
181523
181524
181530
181532
181533
181535
181536
181537
181538
181556
182296
182342
182343
183876
183956
183957
184626
184628
184663
