!Items used to unlock Legendary Powers at the Runecarver
#Items used to unlock Legendary Powers at the Runecarver
$FF8000
182617
182625
182626
182627
182628
182629
182630
182631
182632
182633
182634
182635
182636
182637
182638
182640
183210
183211
183212
183213
183214
183215
183216
183217
183218
183219
183220
183221
183222
183223
183224
183225
183226
183227
183228
183229
183230
183231
183232
183233
183234
183235
183236
183237
183238
183239
183240
183241
183242
183243
183244
183245
183246
183247
183248
183249
183250
183251
183252
183253
183254
183255
183256
183257
183258
183259
183260
183261
183262
183263
183264
183265
183266
183267
183268
183269
183270
183271
183272
183273
183274
183275
183276
183277
183278
183279
183280
183281
183282
183283
183284
183285
183286
183287
183288
183289
183290
183291
183292
183293
183294
183295
183296
183297
183298
183299
183300
183301
183302
183303
183304
183305
183306
183307
183308
183309
183310
183311
183312
183313
183314
183315
183316
183317
183318
183319
183320
183321
183322
183323
183324
183325
183326
183327
183328
183329
183330
183331
183332
183333
183334
183335
183336
183337
183338
183339
183340
183341
183342
183343
183344
183345
183346
183347
183348
183349
183350
183351
183352
183353
183354
183355
183356
183357
183358
183359
183360
183361
183362
183363
183364
183365
183366
183367
183368
183369
183370
183371
183372
183373
183374
183375
183376
183377
183378
183379
183380
183381
183382
183383
183384
183385
183386
183387
183388
183389
183390
183391
183392
183393
184665